6267804927774701785
5455195291859231332
12587684488449818512
8707799692947771435
1233350487551396992
3748043493264623903
2610462858921226877
8427076084948046914
8229814080615803809
4401985713923857941
9957355823514941777
6335019197935686807
1797899426740609700
52625416217124018
7115290240547771732
2597441827002788453
6831322277779579497
2267937048244508605
3079897987624173000
13019663457848723956
9225890758443941439
1437305171099400837
5504108824107948003
803516698000390822
9612361749276334648
5263721748962654984
5817580917191491386
11165436588839325174
13689631548977059788
3212308493486042606
3187739907125763075
9782082017569963028
6018876980443393285
13697469917731466614
12812904
